2293226687
2444333767
2602521199
2695978183
2724658201
2753147143
2772696307
2824169389
2841115943
2944751701
2949007619
2959325459
3056689019
3057815377
3228764447
3238771411
3417563069
3638373857
3716991893
3986329331
4140261491
4152726959
4218138251
2436598001
2525697263
2647129697
2661720221
2672301743
2944722127
3278196319
3335574511
3380851417
3625437121
3941016503
2365186141
2746638019
2963383867
3013564231
3464370241
3646337561
3760232953
3978832967
4006267823
4235456317
2223202649
2278427881
2388797093
2682518317
2858807113
3130133681
3589083991
3684423151
3991834969
2322142411
2510750149
2575495753
2657405087
2854321391
3012495907
3174322859
3177943303
3200434847
3303691121
3319529377
3346647649
3453863503
3487902133
3648309311
3789253133
3789746923
3861767519
3865448239
3943871257
4045323871
4198942673
4227099257
2733527227
4270521797
2371079143
2424270803
2572542211
2636069911
2752963847
3083881387
3488338697
3721186793
3833706949
4056085883
2148630611
2216411683
2707095227
3279018511
3522596999
3623581037
3833824031
3854175641
4091945483
4135004413
4141964923
4276173893
2157385673
2240170147
2459187103
2491570349
2719924183
3961738709
4073647147
4098491081
4205028467
4252196909
2230630973
2703629041
2710524571
2932152359
3035438359
3180301633
3285444073
3291377941
3359249393
3398567593
3411506629
3539958743
3686523713
3811207403
3860554891
3923208001
3959814431
3994425601
